editTopo.py edits file version 1
#
# This file can be used as an argument for editTopo.py --apply
#
# created: Fri Sep 11 08:20:32 2026
# by: aek156
# via: ../bathymetry-tools/editTopo.py topog_new_fillfraction_edited.nc
#
# Open Bosphorus (65m) and Dardanelles (55m), using mean depths
# https://github.com/ACCESS-NRI/access-om3-configs/issues/1643#issuecomment-5626247318
#    i     j  old  new
  3707  2468  0.0  65.0
  3707  2469  0.0  65.0
  3708  2469  0.0  65.0
  3708  2470  0.0  65.0
  3709  2470  0.0  65.0
  3680  2457  0.0  55.0
  3679  2456  0.0  55.0
  3678  2455  0.0  55.0
  3677  2454  0.0  55.0
  3676  2454  0.0  55.0
  3675  2453  0.0  55.0
#
# Open the channel south of Victoria Island (Queen Maud Gulf): 94 cells, entrance-smoothed depths following
# neighbouring Queen Maud Gulf bathymetry. Indices are for the Nj_ncap=794 8 km hgrid (4320 x 3360).
# https://github.com/ACCESS-NRI/access-om3-configs/issues/1658#issuecomment-5944366904
#    i     j  old  new
  2038  3289  0.0  36.09
  2038  3290  0.0  32.03
  2038  3291  0.0  53.63
  2038  3292  0.0  75.23
  2038  3293  0.0  96.83
  2038  3294  0.0  103.00
  2038  3295  0.0  106.90
  2038  3296  0.0  110.60
  2038  3297  0.0  108.20
  2038  3298  0.0  107.00
  2038  3299  0.0  91.10
  2038  3300  0.0  77.00
  2038  3301  0.0  76.20
  2038  3302  4.9  68.20
  2038  3303  5.7  61.00
  2038  3304  0.0  57.90
  2038  3305  1.9  52.60
  2038  3306  0.0  48.40
  2038  3307  0.0  32.03
  2037  3291  0.0  32.03
  2037  3292  0.0  53.63
  2037  3293  11.8  75.23
  2037  3294  25.1  96.83
  2037  3295  20.2  106.90
  2037  3296  28.8  110.60
  2037  3297  12.5  108.20
  2037  3298  0.0  107.00
  2037  3299  0.0  91.10
  2037  3300  0.0  77.00
  2037  3301  0.0  76.20
  2037  3302  0.0  68.20
  2037  3303  0.0  61.00
  2037  3304  0.0  57.90
  2037  3305  0.0  52.60
  2037  3306  0.0  48.40
  2037  3307  1.1  53.63
  2037  3308  0.0  32.03
  2037  3309  0.0  34.21
  2037  3310  0.0  32.03
  2036  3291  0.0  32.03
  2036  3292  0.0  53.63
  2036  3293  0.0  75.23
  2036  3294  0.0  96.83
  2036  3295  0.0  106.90
  2036  3296  0.0  110.60
  2036  3297  0.0  108.20
  2036  3298  0.0  107.00
  2036  3299  0.0  91.10
  2036  3300  0.0  77.00
  2036  3301  0.0  76.20
  2036  3302  0.0  68.20
  2036  3303  0.0  61.00
  2036  3304  0.0  57.90
  2036  3305  0.0  52.60
  2036  3306  0.0  48.40
  2036  3307  0.0  54.00
  2036  3308  0.0  53.63
  2036  3309  0.0  55.81
  2036  3310  0.0  52.00
  2036  3311  0.0  32.03
  2036  3312  0.0  32.03
  2035  3288  0.0  32.03
  2035  3289  0.0  32.03
  2035  3290  0.0  32.03
  2035  3291  0.0  53.63
  2035  3292  0.0  75.23
  2035  3293  0.0  96.83
  2035  3294  0.0  103.00
  2035  3295  0.0  106.90
  2035  3296  0.0  110.60
  2035  3297  0.0  108.20
  2035  3298  0.0  107.00
  2035  3299  0.0  91.10
  2035  3300  0.0  77.00
  2035  3301  0.0  76.20
  2035  3302  0.0  68.20
  2035  3303  0.0  61.00
  2035  3304  0.0  57.90
  2035  3305  0.0  52.60
  2035  3306  0.0  48.40
  2035  3307  0.0  54.00
  2035  3308  0.0  60.30
  2035  3309  0.0  57.40
  2035  3310  0.0  52.00
  2035  3311  0.0  53.63
  2035  3312  0.0  46.90
  2035  3313  0.0  32.03
  2035  3314  0.0  32.03
  2035  3315  0.0  32.03
  2035  3316  0.0  32.03
  2035  3317  0.0  32.36
  2035  3318  0.0  32.03
  2035  3321  0.0  33.91
  2035  3322  0.0  32.03
#
# Open Fury and Hecla Strait with one cell (Nj_ncap=794 hgrid; counterpart of Nj_ncap=800 cell (j,i)=(3156,2414)), 90.38 m.
# https://github.com/ACCESS-NRI/access-om3-configs/issues/1658#issuecomment-5883897281
#    i     j  old  new
  2414  3155  0.0  90.38
